"0.4","0.6","0.8","1","1.16","1.3"
"SS",0,3,22,57,17,1
"SB",0,16,20,38,13,13
"WSB",0,6,28,46,17,3
"JRC",0,4,19,47,27,3
"JRH",0,1,8,50,35,6
"SJ",0,2,19,44,32,3
"CR",0,0,15,50,27,8
"UO",10,21,40,25,4,0
"LO",14,26,32,28,0,0
"DP",0,1,6,80,12,1
"PZ",1,4,34,33,22,6
"MC",0,7,14,66,13,0
"IF",0,9,15,47,21,8
"AF",3,7,17,32,27,14
"GH",0,5,7,84,4,0
"GL",0,3,1,92,4,0
